frame (time); delta position (speed); delta speed (acceleration); position
1;0,00000;0,00000;0,00000
2;-0,16295;-0,16295;-0,16295
3;-0,13332;0,02963;-0,29626
4;-0,17776;-0,04445;-0,47403
5;-0,51846;-0,34070;-0,99249
6;-0,17776;0,34070;-1,17026
7;-0,44440;-0,26663;-1,61466
8;-0,25183;0,19257;-1,86649
9;-0,22220;0,02963;-2,08868
10;-0,26663;-0,04443;-2,35532
11;-0,35551;-0,08888;-2,71083
12;-0,25182;0,10370;-2,96265
13;-0,66660;-0,41478;-3,62924
14;-0,28145;0,38515;-3,91069
15;-0,32590;-0,04445;-4,23659
16;-0,48883;-0,16293;-4,72542
17;-0,42958;0,05925;-5,15500
18;-0,22220;0,20738;-5,37720
19;-0,26663;-0,04443;-5,64383
20;-0,57771;-0,31108;-6,22154
21;-0,26663;0,31108;-6,48817
22;-0,29626;-0,02963;-6,78444
23;-0,32590;-0,02963;-7,11034
24;-0,57771;-0,25182;-7,68805
25;-0,37190;0,20581;-8,05995
26;-0,47690;-0,10500;-8,53685
27;-0,10980;0,36710;-8,64665
28;-0,71144;-0,60164;-9,35809
29;-0,16553;0,54591;-9,52362
30;-0,16237;0,00316;-9,68599
31;-0,17993;-0,01756;-9,86592
32;-0,30382;-0,12389;-10,16974
33;-0,25781;0,04601;-10,42755
34;-0,14268;0,11513;-10,57024
35;-0,13716;0,00552;-10,70740
36;-0,30679;-0,16963;-11,01419
37;-0,06779;0,23900;-11,08199
38;-0,05984;0,00795;-11,14183
39;-0,07936;-0,01952;-11,22119
40;-0,03644;0,04292;-11,25763
41;-0,05464;-0,01820;-11,31227
42;-0,03871;0,01593;-11,35098
43;-0,00217;0,03654;-11,35315
44;-0,00044;0,00172;-11,35359
45;0,00000;0,00044;-11,35359
46;0,33836;0,33836;-11,01523
47;0,31813;-0,02023;-10,69710
48;0,27766;-0,04047;-10,41943
49;0,28783;0,01016;-10,13161
50;0,25235;-0,03548;-9,87926
51;0,42938;0,17703;-9,44988
52;0,18115;-0,24823;-9,26872
53;0,24269;0,06154;-9,02603
54;0,33038;0,08769;-8,69565
55;0,17075;-0,15964;-8,52490
56;0,13924;-0,03151;-8,38567
57;0,20384;0,06461;-8,18182
58;0,11565;-0,08820;-8,06618
59;0,09698;-0,01866;-7,96919
60;0,14333;0,04634;-7,82587
61;0,07486;-0,06847;-7,75101
62;0,05672;-0,01814;-7,69429
63;0,05040;-0,00632;-7,64389
64;0,07787;0,02747;-7,56603
65;0,03583;-0,04204;-7,53020
66;0,03085;-0,00497;-7,49934
67;0,02469;-0,00616;-7,47466
68;0,02298;-0,00171;-7,45168
69;0,02097;-0,00201;-7,43071
70;0,01535;-0,00562;-7,41536
71;0,01437;-0,00098;-7,40099
72;0,01596;0,00159;-7,38503
73;0,00526;-0,01070;-7,37976
74;0,00354;-0,00172;-7,37622
75;0,00230;-0,00124;-7,37392
76;0,00110;-0,00121;-7,37282
77;0,00040;-0,00070;-7,37242
1;Start
1;FreeZoneOut
13;FreeZoneIn
25;BumpZone
43;Done
77;Done

