frame (time); delta position (speed); delta speed (acceleration); position
1;0,00000;0,00000;0,00000
2;0,01480;0,01480;0,01480
3;0,01480;0,00000;0,02960
4;0,01480;0,00000;0,04440
5;0,00000;-0,01480;0,04440
6;0,01480;0,01480;0,05920
7;0,01480;0,00000;0,07401
8;0,02959;0,01479;0,10359
9;0,01480;-0,01479;0,11839
10;0,00000;-0,01480;0,11839
11;0,00000;0,00000;0,11839
12;0,01480;0,01480;0,13319
13;0,00000;-0,01480;0,13319
14;0,01480;0,01480;0,14800
15;0,01480;0,00000;0,16280
16;0,02959;0,01479;0,19238
17;0,01480;-0,01479;0,20718
18;0,00000;-0,01480;0,20718
19;0,01480;0,01480;0,22198
20;0,01480;0,00000;0,23679
21;0,00000;-0,01480;0,23679
22;0,01480;0,01480;0,25159
23;0,00000;-0,01480;0,25159
24;0,01480;0,01480;0,26639
25;0,01480;0,00000;0,28119
26;0,01480;0,00000;0,29599
27;0,00000;-0,01480;0,29599
28;0,00000;0,00000;0,29599
29;0,01480;0,01480;0,31079
30;0,01480;0,00000;0,32559
31;0,01480;0,00000;0,34039
32;0,00000;-0,01480;0,34039
33;0,00000;0,00000;0,34039
34;0,00000;0,00000;0,34039
35;0,01480;0,01480;0,35519
36;0,01480;0,00000;0,37000
37;0,02959;0,01479;0,39958
38;0,00000;-0,02959;0,39958
39;0,01480;0,01480;0,41438
40;0,00000;-0,01480;0,41438
41;0,01480;0,01480;0,42918
42;0,00000;-0,01480;0,42918
43;0,01215;0,01215;0,44133
44;0,00781;-0,00433;0,44914
45;0,00000;-0,00781;0,44914
46;0,51074;0,51074;0,95988
47;0,28889;-0,22185;1,24878
48;0,23390;-0,05499;1,48268
49;0,22304;-0,01086;1,70572
50;0,56375;0,34071;2,26947
51;0,21640;-0,34735;2,48587
52;0,16560;-0,05080;2,65147
53;0,17628;0,01068;2,82776
54;0,24388;0,06760;3,07164
55;0,15671;-0,08717;3,22835
56;0,31598;0,15927;3,54433
57;0,11520;-0,20078;3,65953
58;0,13681;0,02161;3,79634
59;0,08763;-0,04918;3,88397
60;0,06577;-0,02187;3,94974
61;0,05963;-0,00613;4,00937
62;0,09657;0,03694;4,10594
63;0,11028;0,01370;4,21622
64;0,03638;-0,07390;4,25259
65;0,02855;-0,00783;4,28114
66;0,03175;0,00320;4,31290
67;0,01718;-0,01457;4,33008
68;0,01105;-0,00613;4,34113
69;0,01923;0,00818;4,36035
70;0,00337;-0,01585;4,36372
71;0,00188;-0,00150;4,36560
72;0,00116;-0,00072;4,36676
73;0,00040;-0,00076;4,36716
1;Start
1;BumpZone
42;Done
73;Done

