frame (time); delta position (speed); delta speed (acceleration); position
1;0,00000;0,00000;0,00000
2;-0,17776;-0,17776;-0,17776
3;-0,97768;-0,79991;-1,15544
4;-0,29626;0,68141;-1,45171
5;-0,65178;-0,35551;-2,10349
6;-1,70352;-1,05174;-3,80701
7;-1,09618;0,60735;-4,90318
8;-1,64427;-0,54810;-6,54746
9;-1,52918;0,11510;-8,07663
10;-1,42212;0,10706;-9,49875
11;-1,32257;0,09955;-10,82132
12;-1,23000;0,09258;-12,05132
13;-1,14389;0,08611;-13,19521
14;-1,06383;0,08006;-14,25903
15;-0,98935;0,07448;-15,24838
16;-0,64873;0,34062;-15,89711
17;-0,40614;0,24258;-16,30325
18;-0,24081;0,16533;-16,54407
19;-0,10616;0,13466;-16,65022
20;0,00000;0,10616;-16,65022
21;0,10042;0,10042;-16,54980
22;0,10699;0,00658;-16,44281
23;0,08733;-0,01967;-16,35548
24;0,15350;0,06618;-16,20198
25;0,07974;-0,07376;-16,12224
26;0,07167;-0,00807;-16,05057
27;0,06960;-0,00208;-15,98097
28;0,07220;0,00261;-15,90877
29;0,06966;-0,00255;-15,83911
30;0,05963;-0,01003;-15,77948
31;0,05283;-0,00681;-15,72665
32;0,09648;0,04366;-15,63017
33;0,05098;-0,04550;-15,57919
34;0,04713;-0,00385;-15,53206
35;0,04106;-0,00607;-15,49100
36;0,03807;-0,00299;-15,45293
37;0,03250;-0,00557;-15,42043
38;0,02792;-0,00458;-15,39250
39;0,06821;0,04028;-15,32430
40;0,02083;-0,04738;-15,30347
41;0,01421;-0,00662;-15,28926
42;0,01248;-0,00172;-15,27678
43;0,01053;-0,00195;-15,26625
44;0,01006;-0,00047;-15,25620
45;0,00917;-0,00089;-15,24702
46;0,00969;0,00052;-15,23734
47;0,00441;-0,00528;-15,23293
48;0,00325;-0,00116;-15,22968
49;0,00209;-0,00116;-15,22758
50;0,00143;-0,00066;-15,22615
51;0,00102;-0,00041;-15,22513
52;0,00050;-0,00052;-15,22462
53;0,00021;-0,00029;-15,22441
1;Start
1;FreeZoneOut
9;End
12;FreeZoneIn
16;Done
16;BumpZone
53;Done

