frame (time); delta position (speed); delta speed (acceleration); position
1;0,00000;0,00000;0,00000
2;-0,01481;-0,01481;-0,01481
3;-0,01482;-0,00001;-0,02962
4;-0,04444;-0,02962;-0,07407
5;-0,02962;0,01482;-0,10369
6;-0,01482;0,01481;-0,11851
7;-0,01482;0,00000;-0,13332
8;-0,04444;-0,02962;-0,17776
9;-0,01481;0,02963;-0,19257
10;-0,01482;-0,00001;-0,20739
11;0,00000;0,01482;-0,20739
12;-0,01482;-0,01482;-0,22221
13;-0,01482;0,00000;-0,23702
14;-0,01482;0,00000;-0,25184
15;-0,01482;0,00000;-0,26666
16;-0,01482;0,00000;-0,28147
17;-0,01482;0,00000;-0,29629
18;-0,04444;-0,02962;-0,34073
19;-0,01482;0,02962;-0,35555
20;-0,01482;0,00000;-0,37036
21;-0,02962;-0,01481;-0,39999
22;-0,01482;0,01481;-0,41480
23;-0,01482;0,00000;-0,42962
24;-0,01482;0,00000;-0,44444
25;-0,05925;-0,04443;-0,50369
26;-0,08888;-0,02963;-0,59257
27;-0,05925;0,02963;-0,65182
28;-0,08888;-0,02963;-0,74070
29;-0,11851;-0,02962;-0,85921
30;-0,11851;0,00000;-0,97771
31;-0,04444;0,07407;-1,02216
32;-0,05925;-0,01481;-1,08141
33;-0,13332;-0,07407;-1,21472
34;-0,05926;0,07406;-1,27398
35;-0,08887;-0,02962;-1,36285
36;-0,29626;-0,20739;-1,65912
37;-0,08888;0,20738;-1,74800
38;-0,05925;0,02963;-1,80725
39;-0,05926;-0,00001;-1,86651
40;-0,08888;-0,02962;-1,95539
41;-0,05925;0,02963;-2,01464
42;0,00000;0,05925;-2,01464
43;-0,20738;-0,20738;-2,22202
44;-0,11851;0,08887;-2,34053
45;-0,08888;0,02962;-2,42941
46;-0,05925;0,02963;-2,48866
47;-0,05925;0,00000;-2,54791
48;-0,04444;0,01481;-2,59235
49;-0,05925;-0,01481;-2,65160
50;-0,04444;0,01481;-2,69605
51;0,00000;0,04444;-2,69605
52;-0,19257;-0,19257;-2,88862
53;-0,02962;0,16295;-2,91824
54;-0,01482;0,01481;-2,93306
55;-0,01482;0,00000;-2,94788
56;-0,05926;-0,04444;-3,00713
57;-0,08888;-0,02962;-3,09602
58;-0,05925;0,02963;-3,15527
59;-0,11851;-0,05926;-3,27377
60;-0,23701;-0,11851;-3,51079
61;-0,13332;0,10370;-3,64410
62;-0,11851;0,01481;-3,76261
63;-0,08888;0,02962;-3,85149
64;-0,10369;-0,01481;-3,95519
65;-0,07407;0,02962;-4,02925
66;-0,23701;-0,16294;-4,26626
67;-0,16295;0,07406;-4,42921
68;-0,47402;-0,31107;-4,90323
69;-0,19257;0,28145;-5,09580
70;-0,19257;0,00000;-5,28838
71;-0,17776;0,01482;-5,46613
72;-0,20738;-0,02962;-5,67352
73;-0,31108;-0,10370;-5,98460
74;-0,32589;-0,01481;-6,31049
75;-0,19257;0,13332;-6,50306
76;-0,32589;-0,13332;-6,82895
77;-0,19257;0,13332;-7,02152
78;-0,17776;0,01482;-7,19928
79;-0,25182;-0,07407;-7,45110
80;-0,10369;0,14813;-7,55479
81;-0,39996;-0,29626;-7,95475
82;-0,19257;0,20738;-8,14732
83;-0,26664;-0,07407;-8,41396
84;-0,31107;-0,04443;-8,72504
85;-0,08888;0,22219;-8,81392
86;-0,42958;-0,34070;-9,24350
87;0,00000;0,42958;-9,24350
88;-0,20738;-0,20738;-9,45088
89;-0,42958;-0,22220;-9,88046
90;-0,31107;0,11851;-10,19154
91;-0,54809;-0,23701;-10,73962
92;-0,88879;-0,34071;-11,62842
93;-0,44440;0,44440;-12,07281
94;-0,53327;-0,08887;-12,60609
95;-0,49595;0,03732;-13,10204
96;-0,46123;0,03472;-13,56326
97;-0,42894;0,03229;-13,99220
98;-0,39892;0,03002;-14,39112
99;-0,37099;0,02792;-14,76212
100;-0,34502;0,02597;-15,10714
101;-0,32087;0,02415;-15,42801
102;-0,29841;0,02246;-15,72642
103;-0,27752;0,02089;-16,00394
104;-0,25809;0,01942;-16,26203
105;-0,24003;0,01807;-16,50206
106;-0,22323;0,01680;-16,72529
107;-0,20760;0,01563;-16,93289
108;-0,19307;0,01453;-17,12596
109;-0,17956;0,01351;-17,30552
110;-0,16698;0,01257;-17,47250
111;-0,15530;0,01169;-17,62780
112;-0,14442;0,01087;-17,77222
113;-0,13432;0,01011;-17,90654
114;-0,12492;0,00940;-18,03146
115;-0,11617;0,00874;-18,14763
116;-0,10804;0,00813;-18,25567
117;-0,10047;0,00757;-18,35614
118;-0,09344;0,00703;-18,44958
119;-0,08690;0,00655;-18,53648
120;-0,08082;0,00608;-18,61730
121;-0,07516;0,00566;-18,69246
122;-0,06990;0,00526;-18,76236
123;-0,06501;0,00489;-18,82737
124;-0,06046;0,00455;-18,88783
125;-0,05622;0,00423;-18,94405
126;-0,05229;0,00393;-18,99634
127;-0,04863;0,00366;-19,04497
128;-0,04523;0,00340;-19,09019
129;-0,04206;0,00317;-19,13226
130;-0,03912;0,00294;-19,17137
131;-0,03638;0,00274;-19,20775
132;-0,03383;0,00255;-19,24158
133;-0,03146;0,00237;-19,27304
134;-0,02926;0,00220;-19,30230
135;-0,02721;0,00204;-19,32951
136;-0,02531;0,00191;-19,35482
137;-0,02354;0,00177;-19,37836
138;-0,02189;0,00165;-19,40025
139;-0,02036;0,00153;-19,42060
140;-0,01893;0,00143;-19,43953
141;-0,01761;0,00132;-19,45714
142;-0,01637;0,00124;-19,47351
143;-0,01523;0,00114;-19,48874
144;-0,01416;0,00107;-19,50290
145;-0,01317;0,00099;-19,51607
146;-0,01225;0,00092;-19,52831
147;-0,01139;0,00085;-19,53970
148;-0,01059;0,00080;-19,55029
149;-0,00985;0,00074;-19,56014
150;-0,00916;0,00069;-19,56931
151;-0,00852;0,00064;-19,57783
152;-0,00793;0,00060;-19,58575
153;-0,00737;0,00056;-19,59312
154;-0,00685;0,00052;-19,59998
155;-0,00637;0,00048;-19,60635
156;-0,00593;0,00044;-19,61227
157;-0,00552;0,00041;-19,61779
158;-0,00513;0,00039;-19,62292
159;-0,00477;0,00036;-19,62769
160;-0,00443;0,00034;-19,63212
161;-0,00413;0,00031;-19,63625
162;-0,00384;0,00029;-19,64008
163;-0,00357;0,00027;-19,64365
164;-0,00332;0,00025;-19,64697
165;-0,00308;0,00024;-19,65005
166;-0,00287;0,00021;-19,65292
167;-0,00267;0,00020;-19,65559
168;-0,00248;0,00019;-19,65807
169;-0,00230;0,00018;-19,66038
170;-0,00214;0,00016;-19,66252
171;-0,00200;0,00014;-19,66452
172;-0,00185;0,00014;-19,66637
173;-0,00172;0,00013;-19,66810
174;-0,00160;0,00012;-19,66970
175;-0,00150;0,00011;-19,67120
176;-0,00139;0,00011;-19,67258
177;-0,00129;0,00010;-19,67387
178;-0,00120;0,00009;-19,67507
179;-0,00111;0,00008;-19,67619
180;-0,00104;0,00008;-19,67722
1;Start
1;FreeZoneOut
95;End
180;Done

